.Random.seed <-
c(10403L, 10L, -976837378L, 767438520L, 1248891035L, 957718265L, 
4763720L, 1340851062L, 1365726897L, 1099118307L, -783563342L, 
753430020L, 1231668551L, -554418147L, -1819916652L, 1732267578L, 
-1696464763L, -929413793L, -1916457498L, -207027088L, 946100115L, 
1877123121L, -1386975520L, 505677694L, -1404781047L, -651848133L, 
5662730L, -1184540692L, 1875369071L, 199291813L, 2050773852L, 
1442717490L, 691490349L, -2079882009L, 505644558L, 104143848L, 
674244075L, 397717129L, 1059487256L, 855848262L, -1283169375L, 
-951988685L, 1712890786L, 1947039380L, -1396992745L, 19346189L, 
-851893724L, -249730550L, 1663161205L, 1219884751L, -819979818L, 
-1184057984L, -1049924157L, 599264097L, -1337306672L, 1937869102L, 
-1285205799L, 1899997931L, 902690650L, 1146335516L, 1105860639L, 
1875338357L, 1747140876L, 2086702306L, -55163459L, 1151210039L, 
-319422242L, 733867032L, 2014270331L, -631626983L, -497926232L, 
-1915691178L, 797468625L, -1418873981L, 383923730L, 2115735972L, 
2006861159L, -1947309379L, 1736993332L, -1901383270L, -1328673307L, 
-319551105L, -1232871162L, -1054942576L, -414053581L, -1958301487L, 
1794761344L, -2083138722L, -867663703L, 1509589851L, -1852018326L, 
-727952372L, 989328463L, -2070182651L, -406133316L, 783200402L, 
-1512234099L, 1873286087L, 1741383854L, -427874040L, -928164085L, 
47804905L, -398690632L, -1393032858L, -2136096255L, 607583379L, 
-1532844222L, -1056261900L, 1142961399L, 1950584045L, -269951100L, 
472936874L, 1847731989L, 694351279L, 1645698486L, -252451872L, 
-1641583837L, 25316417L, 1361051440L, -1914475186L, 1761095609L, 
1489398219L, 1516800634L, -1064796292L, 1097125823L, -572802923L, 
1753474732L, -2075396990L, -1366199203L, 1877891927L, -1347680706L, 
305891960L, 566401371L, -1790420807L, -1924343544L, -539014218L, 
1582041329L, -744923357L, 978307442L, 68254660L, 1718695815L, 
-985129635L, -979750060L, -794973830L, -1348672315L, 1612748319L, 
563184038L, 1607168816L, 1801470419L, 2133714929L, 926023968L, 
699621310L, -1134891063L, 139288443L, 1733780810L, 930705836L, 
540077231L, 870708837L, 597364252L, 2131959922L, 626194157L, 
-55624921L, 679917390L, -472121432L, 1669753771L, -1133123383L, 
-1108168488L, -365318778L, 1398490209L, 1044841971L, 1616823394L, 
234668756L, -1802681385L, -1236084275L, 1423232356L, -218633910L, 
123138229L, -1878386673L, 207024406L, 1799883712L, 1171687299L, 
2127996321L, -1971377776L, -1552084370L, 177832985L, 201455787L, 
2001964186L, -2019423140L, -1572857505L, 1675815733L, -1150669108L, 
-1812308958L, -1873125763L, -1345625225L, -316179298L, -720794792L, 
1464348347L, 1930645593L, -694037528L, -978815466L, 969038225L, 
-695911869L, 1439037778L, -1818858012L, -2001603545L, 1011294333L, 
-1677070988L, -154533542L, 1750280101L, -486832193L, 363543622L, 
1629874896L, 1152832755L, 1838887441L, -1951136704L, 573663262L, 
1531172585L, 1657685019L, 1856539690L, 1179086668L, -900795121L, 
-1752532923L, -1062886916L, 1376514130L, 1356298701L, -2015081593L, 
-702628242L, 873262664L, 579881035L, 1148942048L, 1337673420L, 
-26302304L, 1911957378L, -1325283608L, 366227180L, -105648068L, 
1899079282L, 1755665520L, 100461092L, -467527624L, -1429983206L, 
2047862480L, 311295036L, 976055444L, -1064662910L, 1225494464L, 
-1977329348L, -2142210416L, 1831280674L, 1273452552L, 1259785356L, 
1823904796L, -76469614L, -1857654656L, -1647971308L, -1776187096L, 
1836051002L, -575179568L, 1084028012L, -508051788L, -241039342L, 
-310089760L, 545264588L, -910307872L, 1990967842L, -1384678104L, 
736425228L, 1546546748L, -965631758L, -1489408272L, 1177177924L, 
1419509336L, 1028233786L, 945676016L, -1346531140L, -730635756L, 
2036163778L, 1318859872L, -345678468L, 61046992L, 941814818L, 
1343565480L, 1124451212L, 909516220L, 779652146L, -1559664832L, 
548828340L, -1538103480L, 1282407098L, -1915920624L, 373157100L, 
789206100L, 613764882L, 1812449184L, 79991756L, -1902460064L, 
-1508141886L, 898356776L, -1789053524L, -15922372L, -1650993294L, 
-1384212688L, 2036487716L, -1649363912L, -1550315302L, -604052080L, 
-530142468L, 1864967060L, -1150589118L, 503975424L, -1756391876L, 
854694480L, -1136941406L, -1406106808L, -1790971380L, 1262479580L, 
452012626L, 945819776L, -411243692L, -671615512L, -907395334L, 
2019306320L, 2032770092L, 496494964L, 322852498L, -705950112L, 
-1086200180L, 1727792992L, 114289378L, 909144232L, -31036212L, 
1291583996L, 850038706L, 1038862832L, -361589308L, -1952507048L, 
399535994L, 359826864L, 22013372L, -1695669164L, 2116261826L, 
-388516064L, -1363383364L, 282527312L, 1924499938L, -1774008984L, 
-520929972L, -1949125380L, 770190066L, -238124288L, -294261132L, 
-903941112L, -1193542L, -351513648L, -1689803284L, 972296084L, 
62660306L, 105568864L, 1691057484L, -897732320L, -584954238L, 
1644930536L, -2007366676L, -444253636L, -1187264910L, -603350160L, 
312414500L, -920554952L, -94701158L, 1363408L, -411087428L, 1568740500L, 
888862850L, -2118337088L, 1748758332L, -305307504L, 1857743650L, 
-531346936L, 68258060L, 61647260L, 729262610L, -733343872L, 517032724L, 
-1739456216L, 900155450L, -1611662384L, 1712057964L, -1792486860L, 
-354130286L, -1168163488L, -224392884L, -1203989536L, -2088910430L, 
1777637800L, -1508387188L, -757989956L, 1038078578L, -2105447440L, 
986989124L, 1996730456L, -999447494L, -102230928L, -1814797252L, 
-1153235692L, -360936766L, -1133857056L, 208178300L, -1619850544L, 
95439266L, 605928488L, -1976522996L, -381481540L, 1287407410L, 
-1810035008L, -1427197900L, 1394904776L, 1610631354L, 540582544L, 
-534577428L, 1860057684L, -934875502L, 509316384L, -222149172L, 
-939168032L, 1890550978L, 1714715688L, -1456573524L, -1684148548L, 
-1366419470L, -751052240L, -1574698076L, 402836920L, 1713540954L, 
964190352L, -1532522628L, -784116460L, -1696970430L, -181332736L, 
1156489660L, -4881072L, 317215010L, 1545581128L, 1686995980L, 
-1424190884L, 1703732690L, -470024704L, 1058044244L, 1068870888L, 
-1662494470L, 542243536L, 561790764L, -1842920204L, -725574254L, 
107311456L, 1522569228L, -1577686816L, 472867115L, -823874916L, 
-1269219126L, -989664833L, -712745719L, -283779554L, -1725185076L, 
-1605512803L, 309603367L, -1446735280L, -19988754L, 1301231515L, 
2045232637L, -2040579862L, 435260296L, 1329546545L, 461634979L, 
609831332L, -2100556718L, -261900377L, 2108867569L, -1519585482L, 
1871041492L, 268712293L, -1572125329L, 1200428968L, -1543250682L, 
-1013521357L, -810925419L, -1426148622L, -1327645888L, 847417513L, 
-920808165L, -1441664276L, -984748294L, -1634918609L, -958177479L, 
-7904946L, 141279132L, 1179970829L, -1678264457L, -1827277952L, 
190212574L, -610595157L, 562581933L, 1629333018L, -1825425192L, 
-1679047359L, 1106128371L, 1901075476L, 1815863714L, -633301321L, 
60260481L, -357828474L, 1081822404L, -1913296395L, -1809415073L, 
-88164680L, -1000974442L, -539808349L, -1370492571L, -1882982270L, 
1603940848L, -1544337511L, 1516085643L, -1636639620L, -1128237398L, 
482078943L, 4789865L, 2091762814L, -1406514068L, 1492929725L, 
-1026079353L, -50142864L, -2121591794L, 2038999355L, -536283619L, 
1878444746L, 1154319848L, 191515345L, 1760974531L, 1058069956L, 
78461554L, 2036130631L, -2040177903L, 1462011542L, 1060035572L, 
-2021694075L, 1115044047L, 1919750600L, -1799450522L, 1369310867L, 
876418549L, -1198282798L, 2126279712L, -1274501623L, -1802666181L, 
426586764L, 685745946L, -1646204529L, 1202521817L, 1470253422L, 
1431606524L, -1691193747L, 893757975L, 1105567712L, -1426318402L, 
-891176565L, 656878093L, -2147482054L, -111350152L, -742980063L, 
-2027644717L, 1487628276L, 88223874L, -123033321L, -1709580319L, 
1714272550L, -1741137884L, -1189201195L, -1245542785L, 1746634520L, 
-1308424650L, 23288003L, -53955323L, 762690722L, 1339269776L, 
-1809420743L, 422694635L, -1209643044L, -2088021494L, 592311551L, 
1908138313L, 1830195934L, -5209972L, 1375869021L, -14608793L, 
-2010282096L, -1622226002L, 1042838107L, 185904701L, 1177022634L, 
1796657480L, -1618750095L, -2036456733L, -1497208348L, -1943845614L, 
